YYYY MM DD hh mm ss  julian_day    H10    tm    Hs    dir    tp 
2019  1 24 12  0  0  389.500000      63.000       9.400      49.000     36.000      8.500
2019  1 24 13  0  0  389.541667     170.000       6.700     134.000     22.000      6.100
2019  1 24 14  0  0  389.583333     136.000       7.000     107.000     56.000      7.500
2019  1 24 15  0  0  389.625000     123.000       6.800      97.000     34.000      6.100
2019  1 24 16  0  0  389.666667     111.000       6.900      87.000     49.000      7.500
2019  1 24 17  0  0  389.708333     100.000       7.000      79.000     50.000      6.100
2019  1 24 18  0  0  389.750000     111.000       7.300      88.000     51.000      7.500
2019  1 24 19  0  0  389.791667     103.000       7.300      81.000     33.000      7.500
2019  1 24 20  0  0  389.833333     118.000       7.300      93.000     43.000      7.500
2019  1 24 21  0  0  389.875000     101.000       7.500      79.000     46.000      8.500
2019  1 24 22  0  0  389.916667     104.000       7.900      82.000     55.000      8.500
2019  1 24 23  0  0  389.958333      96.000       7.200      76.000     77.000      6.700
2019  1 25  0  0  0  390.000000     118.000       8.300      93.000     47.000      8.500
2019  1 25  1  0  0  390.041667     101.000       7.700      80.000     56.000      7.500
2019  1 25  2  0  0  390.083333     108.000       7.700      85.000     42.000      8.500
2019  1 25  3  0  0  390.125000      94.000       7.500      74.000     48.000      6.700
2019  1 25  4  0  0  390.166667      99.000       7.500      78.000     15.000      7.500
2019  1 25  5  0  0  390.208333      95.000       7.300      75.000     50.000      7.500
2019  1 25  6  0  0  390.250000     118.000       7.100      93.000     27.000      7.500
2019  1 25  7  0  0  390.291667     110.000       7.400      86.000     44.000      7.500
2019  1 25  8  0  0  390.333333     112.000       7.000      88.000     53.000      6.700
2019  1 25  9  0  0  390.375000      95.000       7.200      75.000     49.000      7.500
2019  1 25 10  0  0  390.416667      99.000       7.300      78.000     28.000      7.500
2019  1 25 11  0  0  390.458333      83.000       7.300      65.000     63.000      6.700
2019  1 25 12  0  0  390.500000      97.000       7.300      76.000     27.000      6.100
2019  1 25 13  0  0  390.541667     108.000       7.400      85.000     37.000      5.600
2019  1 25 14  0  0  390.583333     121.000       6.700      95.000     21.000      5.100
2019  1 25 15  0  0  390.625000     141.000       6.800     111.000     23.000      5.100
2019  1 25 16  0  0  390.666667     186.000       6.700     146.000    327.000      4.700
2019  1 25 17  0  0  390.708333     296.000       6.800     233.000    353.000      6.700
2019  1 25 18  0  0  390.750000     232.000       6.800     183.000      3.000      6.700
2019  1 25 19  0  0  390.791667     222.000       7.000     175.000      5.000      6.700
2019  1 25 20  0  0  390.833333     206.000       7.200     162.000     25.000      6.700
2019  1 25 21  0  0  390.875000     256.000       7.500     201.000     37.000      7.500
2019  1 25 22  0  0  390.916667     256.000       8.000     202.000     36.000      7.500
2019  1 25 23  0  0  390.958333     269.000       7.600     212.000     49.000      8.500
2019  1 26  0  0  0  391.000000     263.000       7.200     207.000     52.000      7.500
2019  1 26  1  0  0  391.041667     277.000       7.400     218.000     52.000      7.500
2019  1 26  2  0  0  391.083333     214.000       7.500     169.000     58.000      7.500
2019  1 26  3  0  0  391.125000     202.000       7.500     159.000     51.000      6.700
2019  1 26  4  0  0  391.166667     247.000       7.600     195.000     54.000      6.700
2019  1 26  5  0  0  391.208333     266.000       6.800     210.000     48.000      6.700
2019  1 26  6  0  0  391.250000     223.000       6.700     175.000     31.000      6.700
2019  1 26  7  0  0  391.291667     219.000       7.200     173.000     56.000      7.500
2019  1 26  8  0  0  391.333333     244.000       7.800     192.000     34.000      7.500
2019  1 26  9  0  0  391.375000     237.000       7.600     187.000     54.000      8.500
2019  1 26 10  0  0  391.416667     222.000       7.500     175.000     45.000      7.500
2019  1 26 11  0  0  391.458333     217.000       7.700     171.000     41.000      6.700
2019  1 26 12  0  0  391.500000     254.000       7.400     200.000     29.000      6.100
2019  1 26 13  0  0  391.541667     276.000       8.100     217.000     53.000      8.500
2019  1 26 14  0  0  391.583333     246.000       8.400     194.000     49.000      9.800
2019  1 26 15  0  0  391.625000     219.000       8.100     172.000     52.000      9.800
2019  1 26 16  0  0  391.666667     230.000       8.100     181.000     46.000      9.800
2019  1 26 17  0  0  391.708333     253.000       8.000     200.000     43.000      9.800
2019  1 26 18  0  0  391.750000     237.000       7.800     187.000     44.000      8.500
2019  1 26 19  0  0  391.791667     219.000       8.500     173.000     39.000      8.500
2019  1 26 20  0  0  391.833333     220.000       7.700     173.000     41.000      8.500
2019  1 26 21  0  0  391.875000     232.000       8.200     183.000     43.000      8.500
2019  1 26 22  0  0  391.916667     186.000       7.900     147.000     47.000      8.500
2019  1 26 23  0  0  391.958333     199.000       7.800     157.000     53.000      7.500
2019  1 27  0  0  0  392.000000     191.000       8.100     150.000     41.000      8.500
2019  1 27  1  0  0  392.041667     185.000       8.200     145.000     48.000      8.500
2019  1 27  2  0  0  392.083333     158.000       7.500     125.000     39.000      6.100
2019  1 27  3  0  0  392.125000     170.000       8.100     134.000     40.000      8.500
2019  1 27  4  0  0  392.166667     143.000       8.200     113.000     56.000      8.500
2019  1 27  5  0  0  392.208333     168.000       8.000     132.000     39.000      8.500
2019  1 27  6  0  0  392.250000     170.000       7.800     134.000     44.000      8.500
2019  1 27  7  0  0  392.291667     153.000       7.700     121.000     51.000      8.500
2019  1 27  8  0  0  392.333333     181.000       8.300     143.000     45.000      8.500
2019  1 27  9  0  0  392.375000     167.000       7.800     131.000     45.000      8.500
2019  1 27 10  0  0  392.416667     139.000       7.800     110.000     51.000      8.500
2019  1 27 11  0  0  392.458333     150.000       8.200     119.000     47.000      8.500
2019  1 27 12  0  0  392.500000     152.000       8.400     120.000     29.000      8.500
2019  1 27 13  0  0  392.541667     146.000       8.100     115.000     44.000      8.500
2019  1 27 14  0  0  392.583333     172.000       8.300     136.000     50.000      8.500
2019  1 27 15  0  0  392.625000     135.000       8.300     106.000     60.000      8.500
2019  1 27 16  0  0  392.666667     140.000       7.900     110.000     46.000      7.500
2019  1 27 17  0  0  392.708333     139.000       8.000     110.000     36.000      8.500
2019  1 27 18  0  0  392.750000      99.000       8.200      78.000     42.000      7.500
2019  1 27 19  0  0  392.791667     103.000       8.000      81.000     43.000      7.500
2019  1 27 20  0  0  392.833333      92.000       8.200      72.000     67.000      7.500
2019  1 27 21  0  0  392.875000      82.000       7.900      65.000     65.000      7.500
2019  1 27 22  0  0  392.916667      63.000       7.800      50.000     43.000      7.500
2019  1 27 23  0  0  392.958333      70.000       7.700      55.000     91.000      8.500
2019  1 28  0  0  0  393.000000      74.000       7.800      58.000     72.000      7.500
2019  1 28  1  0  0  393.041667      59.000       8.500      46.000     67.000      7.500
2019  1 28  2  0  0  393.083333      41.000       8.200      32.000     43.000      7.500
2019  1 28  3  0  0  393.125000      63.000       7.400      50.000     72.000      8.500
2019  1 28  4  0  0  393.166667      44.000       7.900      34.000     18.000      6.100
2019  1 28  5  0  0  393.208333      54.000       7.300      42.000     20.000      6.100
2019  1 28  6  0  0  393.250000      51.000       7.300      40.000     31.000      6.100
2019  1 28  7  0  0  393.291667      44.000       7.600      34.000     23.000      6.100
2019  1 28  8  0  0  393.333333      51.000       7.100      40.000      7.000      5.600
2019  1 28  9  0  0  393.375000      49.000       7.000      39.000     16.000      5.600
2019  1 28 10  0  0  393.416667      50.000       6.500      39.000    355.000      6.100
2019  1 28 11  0  0  393.458333      73.000       6.500      58.000     19.000      6.100
2019  1 28 12  0  0  393.500000      91.000       6.400      72.000     27.000      6.100
2019  1 28 13  0  0  393.541667     140.000       6.300     110.000     14.000      6.700
2019  1 28 14  0  0  393.583333     123.000       6.500      97.000      3.000      6.700
2019  1 28 15  0  0  393.625000     211.000       6.900     166.000     22.000      7.500
2019  1 28 16  0  0  393.666667     252.000       7.600     198.000     12.000      7.500
2019  1 28 17  0  0  393.708333     206.000       7.100     162.000      7.000      7.500
2019  1 28 18  0  0  393.750000     151.000       7.200     119.000     13.000      7.500
2019  1 28 19  0  0  393.791667     138.000       7.100     109.000     12.000      7.500
2019  1 28 20  0  0  393.833333     127.000       7.000     100.000      4.000      7.500
2019  1 28 21  0  0  393.875000     137.000       7.100     108.000     12.000      6.700
2019  1 28 22  0  0  393.916667     130.000       7.400     102.000     10.000      7.500
2019  1 28 23  0  0  393.958333     140.000       6.800     110.000      1.000      6.700
2019  1 29  0  0  0  394.000000     123.000       7.000      96.000     18.000      7.500
2019  1 29  1  0  0  394.041667     125.000       6.900      98.000    356.000      6.700
2019  1 29  2  0  0  394.083333     133.000       7.000     105.000      3.000      6.700
2019  1 29  3  0  0  394.125000     145.000       7.200     114.000     15.000      6.700
2019  1 29  4  0  0  394.166667     159.000       7.500     125.000     34.000      8.500
2019  1 29  5  0  0  394.208333     169.000       7.400     133.000     17.000      7.500
2019  1 29  6  0  0  394.250000     152.000       7.300     120.000     26.000      7.500
2019  1 29  7  0  0  394.291667     132.000       7.600     104.000     36.000      8.500
2019  1 29  8  0  0  394.333333     145.000       7.400     114.000     31.000      7.500
2019  1 29  9  0  0  394.375000     142.000       7.600     112.000     44.000      7.500
2019  1 29 10  0  0  394.416667     158.000       7.500     124.000     43.000      7.500
2019  1 29 11  0  0  394.458333     135.000       7.300     106.000     29.000      6.700
2019  1 29 12  0  0  394.500000     161.000       7.500     126.000     45.000      7.500
2019  1 29 13  0  0  394.541667     159.000       8.000     125.000     42.000      8.500
2019  1 29 14  0  0  394.583333     133.000       7.900     105.000     45.000      8.500
2019  1 29 15  0  0  394.625000     133.000       7.700     105.000     40.000      7.500
2019  1 29 16  0  0  394.666667     121.000       8.000      95.000     39.000      8.500
2019  1 29 17  0  0  394.708333     135.000       7.800     106.000     33.000      7.500
2019  1 29 18  0  0  394.750000     111.000       7.800      87.000     40.000      7.500
2019  1 29 19  0  0  394.791667     115.000       7.600      90.000     49.000      7.500
2019  1 29 20  0  0  394.833333      88.000       8.000      69.000     49.000      8.500
2019  1 29 21  0  0  394.875000      80.000       7.900      63.000     57.000      8.500
2019  1 29 22  0  0  394.916667     107.000       7.700      84.000     39.000      8.500
2019  1 29 23  0  0  394.958333      80.000       7.600      63.000     60.000      7.500
2019  1 30  0  0  0  395.000000      94.000       7.900      74.000     66.000      7.500
2019  1 30  1  0  0  395.041667     103.000       7.900      81.000     37.000      7.500
2019  1 30  2  0  0  395.083333      92.000       8.000      72.000     37.000      6.700
2019  1 30  3  0  0  395.125000      89.000       8.900      70.000     64.000     11.600
2019  1 30  4  0  0  395.166667      94.000       8.000      74.000     30.000      7.500
2019  1 30  5  0  0  395.208333      99.000       8.400      78.000     51.000     11.600
2019  1 30  6  0  0  395.250000      98.000      10.100      77.000     63.000      9.800
2019  1 30  7  0  0  395.291667      98.000       9.800      77.000     71.000      9.800
2019  1 30  8  0  0  395.333333     103.000       9.700      81.000     74.000      9.800
2019  1 30  9  0  0  395.375000     115.000       9.800      91.000     69.000      9.800
2019  1 30 10  0  0  395.416667     122.000       9.600      96.000     64.000      9.800
2019  1 30 11  0  0  395.458333     117.000       9.800      92.000     54.000      9.800
2019  1 30 12  0  0  395.500000     103.000      10.000      81.000     82.000      9.800
2019  1 30 13  0  0  395.541667     113.000       9.600      89.000     66.000      9.800
2019  1 30 14  0  0  395.583333     105.000       9.000      83.000     66.000      9.800
2019  1 30 15  0  0  395.625000     129.000       8.700     102.000     72.000      9.800
2019  1 30 16  0  0  395.666667     133.000       8.600     104.000     57.000      9.800
2019  1 30 17  0  0  395.708333     133.000       8.200     105.000     50.000      9.800
2019  1 30 18  0  0  395.750000     117.000       8.100      92.000     59.000      9.800
2019  1 30 19  0  0  395.791667     116.000       8.400      91.000     55.000      9.800
2019  1 30 20  0  0  395.833333     117.000       9.000      92.000     54.000      9.800
2019  1 30 21  0  0  395.875000     115.000       8.800      90.000     79.000      9.800
2019  1 30 22  0  0  395.916667      98.000       7.900      77.000     83.000      9.800
2019  1 30 23  0  0  395.958333     117.000       7.700      92.000     68.000      9.800
2019  1 31  0  0  0  396.000000     103.000       7.800      81.000     82.000      8.500
2019  1 31  1  0  0  396.041667     114.000       7.700      90.000     63.000      9.800
2019  1 31  2  0  0  396.083333      96.000       6.900      76.000      8.000      6.100
2019  1 31  3  0  0  396.125000     116.000       7.100      91.000     14.000      6.100
2019  1 31  4  0  0  396.166667     115.000       6.900      91.000      7.000      6.700
2019  1 31  5  0  0  396.208333     101.000       6.700      80.000     16.000      6.700
2019  1 31  6  0  0  396.250000     134.000       6.700     105.000     63.000      8.500
2019  1 31  7  0  0  396.291667     183.000       6.400     144.000     11.000      6.100
2019  1 31  8  0  0  396.333333     163.000       6.300     128.000      9.000      6.100
2019  1 31  9  0  0  396.375000     162.000       6.600     128.000      1.000      6.700
2019  1 31 10  0  0  396.416667     144.000       6.500     114.000    341.000      6.700
2019  1 31 11  0  0  396.458333     131.000       6.200     103.000    343.000      6.100
2019  1 31 12  0  0  396.500000     183.000       6.100     144.000     23.000      6.100
2019  1 31 13  0  0  396.541667     273.000       6.800     215.000     53.000      6.700
2019  1 31 14  0  0  396.583333     323.000       7.500     255.000     60.000      7.500
2019  1 31 15  0  0  396.625000     338.000       8.000     266.000     48.000      9.800
2019  1 31 16  0  0  396.666667     338.000       7.500     266.000     55.000      9.800
2019  1 31 17  0  0  396.708333     362.000       7.600     285.000     61.000      8.500
2019  1 31 18  0  0  396.750000     337.000       7.600     266.000     62.000      8.500
2019  1 31 19  0  0  396.791667     269.000       7.100     212.000     43.000      9.800
2019  1 31 20  0  0  396.833333     292.000       7.600     229.000     47.000      9.800
2019  1 31 21  0  0  396.875000     282.000       7.600     222.000     47.000      8.500
2019  1 31 22  0  0  396.916667     309.000       8.000     243.000     48.000      9.800
2019  1 31 23  0  0  396.958333     306.000       8.100     241.000     28.000      8.500
2019  2  1  0  0  0  397.000000     291.000       8.500     229.000     30.000      9.800
2019  2  1  1  0  0  397.041667     288.000       8.300     226.000     42.000      8.500
2019  2  1  2  0  0  397.083333     247.000       8.100     194.000     52.000      7.500
2019  2  1  3  0  0  397.125000     261.000       8.400     205.000     35.000      8.500
2019  2  1  4  0  0  397.166667     200.000       7.900     158.000     29.000      8.500
2019  2  1  5  0  0  397.208333     211.000       7.800     166.000     32.000      8.500
2019  2  1  6  0  0  397.250000     191.000       7.900     151.000     27.000      8.500
2019  2  1  7  0  0  397.291667     163.000       7.000     128.000     38.000      6.700
2019  2  1  8  0  0  397.333333     163.000       7.400     128.000     25.000      8.500
2019  2  1  9  0  0  397.375000     139.000       7.200     110.000     52.000      7.500
2019  2  1 10  0  0  397.416667     174.000       7.400     137.000     24.000      7.500
2019  2  1 11  0  0  397.458333     138.000       7.000     109.000     36.000      7.500
2019  2  1 12  0  0  397.500000     135.000       6.700     107.000     30.000      6.700
2019  2  1 13  0  0  397.541667     147.000       7.000     116.000     39.000      7.500
2019  2  1 14  0  0  397.583333     125.000       7.200      98.000     35.000      7.500
2019  2  1 15  0  0  397.625000     125.000       6.900      98.000     23.000      7.500
2019  2  1 16  0  0  397.666667     109.000       6.800      86.000     63.000      7.500
2019  2  1 17  0  0  397.708333      96.000       7.000      76.000     52.000      7.500
2019  2  1 18  0  0  397.750000      92.000       7.100      72.000     21.000      7.500
2019  2  1 19  0  0  397.791667      88.000       7.300      69.000     27.000      7.500
2019  2  1 20  0  0  397.833333      91.000       7.700      72.000     33.000      7.500
2019  2  1 21  0  0  397.875000      77.000       7.300      61.000     48.000      7.500
2019  2  1 22  0  0  397.916667      79.000       7.300      62.000     27.000      7.500
2019  2  1 23  0  0  397.958333      71.000       7.100      56.000      4.000      6.700
2019  2  2  0  0  0  398.000000      63.000       7.400      49.000     37.000      7.500
2019  2  2  1  0  0  398.041667      64.000       7.100      51.000     14.000      6.700
2019  2  2  2  0  0  398.083333      72.000       6.900      57.000     15.000      6.700
2019  2  2  3  0  0  398.125000      66.000       6.600      52.000     15.000      6.100
2019  2  2  4  0  0  398.166667      58.000       6.900      46.000     17.000      6.700
2019  2  2  5  0  0  398.208333      61.000       6.600      48.000      3.000      5.600
2019  2  2  6  0  0  398.250000      55.000       7.000      43.000     10.000      6.100
2019  2  2  7  0  0  398.291667      47.000       6.600      37.000      4.000      6.100
2019  2  2  8  0  0  398.333333      50.000       7.000      40.000     81.000      6.700
2019  2  2  9  0  0  398.375000      47.000       6.800      37.000     36.000      6.100
2019  2  2 10  0  0  398.416667      44.000       7.300      34.000    358.000      6.100
2019  2  2 11  0  0  398.458333      46.000       6.600      36.000    336.000      5.600
2019  2  2 12  0  0  398.500000      41.000       7.000      33.000    345.000      6.100
2019  2  2 13  0  0  398.541667      43.000       6.700      34.000     14.000      6.100
2019  2  2 14  0  0  398.583333      42.000       7.400      33.000      3.000      6.100
2019  2  2 15  0  0  398.625000      36.000       7.300      29.000    325.000      6.100
2019  2  2 16  0  0  398.666667      37.000       7.600      29.000     92.000      6.700
2019  2  2 17  0  0  398.708333      41.000       6.900      32.000     33.000      6.100
2019  2  2 18  0  0  398.750000      40.000       7.200      32.000     18.000      5.600
2019  2  2 19  0  0  398.791667      41.000       7.500      32.000     38.000      5.600
2019  2  2 20  0  0  398.833333      30.000       7.600      23.000     70.000      8.500
2019  2  2 21  0  0  398.875000      30.000       7.900      24.000     43.000      7.500
2019  2  2 22  0  0  398.916667      34.000       7.700      27.000    136.000     11.600
2019  2  2 23  0  0  398.958333      30.000       7.200      24.000    212.000      4.700
2019  2  3  0  0  0  399.000000      40.000       7.800      31.000     82.000     11.600
2019  2  3  1  0  0  399.041667      33.000       7.900      26.000    114.000      9.800
2019  2  3  2  0  0  399.083333      38.000       7.600      30.000     50.000      5.100
2019  2  3  3  0  0  399.125000      36.000       7.300      29.000     95.000      9.800
2019  2  3  4  0  0  399.166667      28.000       8.600      22.000    114.000      6.100
2019  2  3  5  0  0  399.208333      29.000       9.600      23.000    107.000      9.800
2019  2  3  6  0  0  399.250000      28.000       9.100      22.000     79.000      7.500
2019  2  3  7  0  0  399.291667      36.000       7.300      28.000     46.000      5.100
2019  2  3  8  0  0  399.333333      39.000       7.800      31.000    107.000      5.100
2019  2  3  9  0  0  399.375000      46.000       6.600      36.000    104.000      4.700
2019  2  3 10  0  0  399.416667      40.000       7.300      32.000     96.000      9.800
2019  2  3 11  0  0  399.458333      36.000       6.900      28.000    101.000      5.100
2019  2  3 12  0  0  399.500000      53.000       5.400      42.000     76.000      3.900
2019  2  3 13  0  0  399.541667      36.000       6.700      29.000     19.000      4.400
2019  2  3 14  0  0  399.583333      66.000       4.800      52.000      3.000      4.400
2019  2  3 15  0  0  399.625000     100.000       4.400      79.000     13.000      3.900
2019  2  3 16  0  0  399.666667     109.000       4.800      86.000     47.000      4.400
2019  2  3 17  0  0  399.708333     122.000       5.100      96.000     36.000      5.100
2019  2  3 18  0  0  399.750000     125.000       5.200      98.000     47.000      5.100
2019  2  3 19  0  0  399.791667     115.000       5.300      90.000     65.000      5.100
2019  2  3 20  0  0  399.833333     136.000       5.400     107.000     73.000      5.600
2019  2  3 21  0  0  399.875000     113.000       5.400      89.000     57.000      5.100
2019  2  3 22  0  0  399.916667     114.000       5.500      89.000     49.000      5.100
2019  2  3 23  0  0  399.958333     107.000       5.600      84.000    350.000      4.700
2019  2  4  0  0  0  400.000000     110.000       5.800      86.000     72.000      5.600
2019  2  4  1  0  0  400.041667     103.000       5.900      81.000     56.000      5.100
2019  2  4  2  0  0  400.083333     100.000       6.000      79.000    131.000      7.500
2019  2  4  3  0  0  400.125000      74.000       5.700      58.000     43.000      5.600
2019  2  4  4  0  0  400.166667      81.000       5.500      64.000     12.000      4.700
2019  2  4  5  0  0  400.208333     101.000       5.100      79.000     15.000      4.400
2019  2  4  6  0  0  400.250000      92.000       5.600      72.000    338.000      5.100
2019  2  4  7  0  0  400.291667      78.000       5.600      61.000     82.000      4.400
2019  2  4  8  0  0  400.333333     190.000       7.300     149.000     10.000      6.700
2019  2  4  9  0  0  400.375000     192.000       6.500     151.000    354.000      7.500
2019  2  4 10  0  0  400.416667     146.000       6.500     115.000     14.000      7.500
2019  2  4 11  0  0  400.458333     145.000       6.500     114.000    354.000      7.500
2019  2  4 12  0  0  400.500000     124.000       6.200      97.000     24.000      8.500
2019  2  4 13  0  0  400.541667     115.000       6.300      91.000     19.000      8.500
2019  2  4 14  0  0  400.583333     116.000       6.500      91.000     11.000      7.500
2019  2  4 15  0  0  400.625000     134.000       6.200     106.000      5.000      7.500
2019  2  4 16  0  0  400.666667     126.000       7.000      99.000     12.000      7.500
2019  2  4 17  0  0  400.708333     169.000       7.400     133.000     23.000      6.700
2019  2  4 18  0  0  400.750000     198.000       7.700     155.000     34.000      6.700
2019  2  4 19  0  0  400.791667     194.000       8.200     153.000     31.000      9.800
2019  2  4 20  0  0  400.833333     175.000       7.800     138.000     52.000      8.500
2019  2  4 21  0  0  400.875000     173.000       8.200     136.000     53.000      8.500
2019  2  4 22  0  0  400.916667     152.000       7.900     120.000     43.000      8.500
2019  2  4 23  0  0  400.958333     155.000       8.200     122.000     58.000      9.800
2019  2  5  0  0  0  401.000000     190.000       8.500     149.000     31.000      8.500
2019  2  5  1  0  0  401.041667     148.000       8.200     116.000     29.000      9.800
2019  2  5  2  0  0  401.083333     151.000       8.000     119.000     37.000      8.500
2019  2  5  3  0  0  401.125000     138.000       7.900     109.000     47.000      8.500
2019  2  5  4  0  0  401.166667     117.000       7.800      92.000     44.000      8.500
2019  2  5  5  0  0  401.208333     142.000       7.900     112.000     23.000      8.500
2019  2  5  6  0  0  401.250000      96.000       7.500      76.000     40.000      7.500
2019  2  5  7  0  0  401.291667     105.000       7.200      83.000     31.000      7.500
2019  2  5  8  0  0  401.333333      94.000       7.000      74.000     51.000      7.500
2019  2  5  9  0  0  401.375000      90.000       7.000      71.000     64.000      7.500
2019  2  5 10  0  0  401.416667      80.000       7.000      63.000     32.000      7.500
2019  2  5 11  0  0  401.458333      81.000       7.000      64.000     30.000      7.500
2019  2  5 12  0  0  401.500000      71.000       7.100      56.000     47.000      7.500
2019  2  5 13  0  0  401.541667      65.000       7.100      51.000     23.000      6.100
2019  2  5 14  0  0  401.583333      57.000       7.000      45.000      2.000      6.100
2019  2  5 15  0  0  401.625000      53.000       7.100      42.000     26.000      6.100
2019  2  5 16  0  0  401.666667      46.000       7.800      36.000     77.000      7.500
2019  2  5 17  0  0  401.708333      47.000       7.900      37.000     79.000      7.500
2019  2  5 18  0  0  401.750000      50.000       8.200      40.000    118.000      9.800
2019  2  5 19  0  0  401.791667      49.000       7.400      39.000     85.000      7.500
2019  2  5 20  0  0  401.833333      39.000       8.400      31.000     76.000      9.800
2019  2  5 21  0  0  401.875000      44.000       7.700      35.000     68.000      8.500
2019  2  5 22  0  0  401.916667      39.000       8.400      31.000     80.000      7.500
2019  2  5 23  0  0  401.958333      41.000       7.900      32.000     98.000      9.800
2019  2  6  0  0  0  402.000000      44.000       7.200      35.000     56.000      9.800
2019  2  6  1  0  0  402.041667      43.000       7.100      34.000     59.000      7.500
2019  2  6  2  0  0  402.083333      45.000       7.100      35.000     44.000      6.700
2019  2  6  3  0  0  402.125000      32.000       8.000      25.000     88.000      8.500
2019  2  6  4  0  0  402.166667      36.000       7.700      28.000     88.000      7.500
2019  2  6  5  0  0  402.208333      36.000      10.500      29.000    101.000      9.800
2019  2  6  6  0  0  402.250000      38.000       9.400      30.000     55.000      9.800
2019  2  6  7  0  0  402.291667      38.000       9.400      30.000     85.000      9.800
2019  2  6  8  0  0  402.333333      28.000       9.700      22.000     36.000      7.500
2019  2  6  9  0  0  402.375000      29.000       8.400      23.000     71.000      8.500
2019  2  6 10  0  0  402.416667      30.000      10.200      23.000    325.000      9.800
2019  2  6 11  0  0  402.458333      25.000      10.000      19.000     74.000      7.500
2019  2  6 12  0  0  402.500000      31.000       8.900      24.000     39.000      9.800
2019  2  6 13  0  0  402.541667      28.000       9.400      22.000     28.000      7.500
2019  2  6 14  0  0  402.583333      41.000       7.900      32.000     50.000      7.500
2019  2  6 15  0  0  402.625000      52.000       7.900      41.000     24.000      6.700
2019  2  6 16  0  0  402.666667      62.000       7.300      49.000     19.000      6.700
2019  2  6 17  0  0  402.708333      74.000       6.900      58.000      7.000      6.700
2019  2  6 18  0  0  402.750000      88.000       7.400      69.000     24.000      7.500
2019  2  6 19  0  0  402.791667     111.000       7.000      88.000     27.000      6.700
2019  2  6 20  0  0  402.833333     126.000       7.100      99.000     33.000      7.500
2019  2  6 21  0  0  402.875000     138.000       6.600     108.000     34.000      6.700
2019  2  6 22  0  0  402.916667     139.000       6.600     109.000     32.000      7.500
2019  2  6 23  0  0  402.958333     153.000       6.500     121.000     29.000      7.500
2019  2  7  0  0  0  403.000000     141.000       6.800     111.000     35.000      7.500
2019  2  7  1  0  0  403.041667     142.000       6.500     112.000     26.000      7.500
2019  2  7  2  0  0  403.083333     127.000       6.400     100.000     42.000      7.500
2019  2  7  3  0  0  403.125000     143.000       6.100     113.000     17.000      6.700
2019  2  7  4  0  0  403.166667     151.000       6.000     119.000     33.000      7.500
2019  2  7  5  0  0  403.208333     169.000       5.800     133.000     18.000      7.500
2019  2  7  6  0  0  403.250000     181.000       6.500     142.000     41.000      6.700
2019  2  7  7  0  0  403.291667     231.000       6.700     182.000     28.000      6.700
2019  2  7  8  0  0  403.333333     243.000       6.600     191.000     17.000      7.500
2019  2  7  9  0  0  403.375000     262.000       6.800     206.000     42.000      7.500
2019  2  7 10  0  0  403.416667     217.000       6.900     171.000     39.000      7.500
2019  2  7 11  0  0  403.458333     248.000       6.900     196.000     64.000      8.500
2019  2  7 12  0  0  403.500000     265.000       7.000     209.000     46.000      8.500
2019  2  7 13  0  0  403.541667     259.000       6.700     204.000     44.000      8.500
2019  2  7 14  0  0  403.583333     255.000       6.800     201.000     50.000      7.500
2019  2  7 15  0  0  403.625000     304.000       7.400     240.000     42.000      8.500
2019  2  7 16  0  0  403.666667     305.000       7.300     240.000     36.000      8.500
2019  2  7 17  0  0  403.708333     309.000       7.300     243.000     37.000      7.500
2019  2  7 18  0  0  403.750000     304.000       7.000     239.000     39.000      7.500
2019  2  7 19  0  0  403.791667     371.000       7.600     292.000     43.000      8.500
2019  2  7 20  0  0  403.833333     309.000       7.600     243.000     46.000      8.500
2019  2  7 21  0  0  403.875000     311.000       8.100     245.000     36.000      8.500
2019  2  7 22  0  0  403.916667     301.000       8.000     237.000     45.000      9.800
2019  2  7 23  0  0  403.958333     325.000       8.100     256.000     37.000      9.800
2019  2  8  0  0  0  404.000000     270.000       7.700     212.000     45.000      8.500
2019  2  8  1  0  0  404.041667     359.000       8.700     283.000     38.000      9.800
2019  2  8  2  0  0  404.083333     339.000       8.400     267.000     51.000      9.800
2019  2  8  3  0  0  404.125000     310.000       8.000     244.000     33.000      9.800
2019  2  8  4  0  0  404.166667     272.000       7.600     214.000     35.000      8.500
2019  2  8  5  0  0  404.208333     277.000       7.800     218.000     42.000      7.500
2019  2  8  6  0  0  404.250000     237.000       7.700     187.000     34.000      8.500
2019  2  8  7  0  0  404.291667     243.000       7.600     192.000     45.000      8.500
2019  2  8  8  0  0  404.333333     221.000       7.300     174.000     30.000      7.500
2019  2  8  9  0  0  404.375000     217.000       7.300     171.000     24.000      7.500
2019  2  8 10  0  0  404.416667     185.000       7.400     145.000     56.000      8.500
2019  2  8 11  0  0  404.458333     189.000       7.000     149.000     30.000      8.500
2019  2  8 12  0  0  404.500000     197.000       6.900     155.000     38.000      6.700
2019  2  8 13  0  0  404.541667     167.000       7.300     131.000     38.000      8.500
2019  2  8 14  0  0  404.583333     169.000       7.400     133.000     27.000      7.500
2019  2  8 15  0  0  404.625000     169.000       7.400     133.000     49.000      8.500
2019  2  8 16  0  0  404.666667     170.000       7.600     134.000     33.000      7.500
2019  2  8 17  0  0  404.708333     180.000       7.600     142.000     41.000      8.500
2019  2  8 18  0  0  404.750000     165.000       7.400     130.000     41.000      7.500
2019  2  8 19  0  0  404.791667     175.000       7.900     138.000     33.000      8.500
2019  2  8 20  0  0  404.833333     194.000       7.600     152.000     41.000      8.500
2019  2  8 21  0  0  404.875000     204.000       7.900     160.000     46.000      8.500
2019  2  8 22  0  0  404.916667     179.000       7.800     141.000     42.000      8.500
2019  2  8 23  0  0  404.958333     163.000       7.200     128.000     48.000      7.500
2019  2  9  0  0  0  405.000000     147.000       6.900     116.000     43.000      7.500
2019  2  9  1  0  0  405.041667     139.000       7.300     109.000     52.000      7.500
2019  2  9  2  0  0  405.083333     142.000       7.200     112.000     41.000      7.500
2019  2  9  3  0  0  405.125000     106.000       7.200      83.000     47.000      7.500
2019  2  9  4  0  0  405.166667     118.000       7.100      93.000     60.000      7.500
2019  2  9  5  0  0  405.208333     110.000       7.200      86.000     59.000      7.500
2019  2  9  6  0  0  405.250000     107.000       7.300      84.000     41.000      7.500
2019  2  9  7  0  0  405.291667     113.000       7.500      89.000     42.000      7.500
2019  2  9  8  0  0  405.333333      98.000       7.400      78.000     62.000      7.500
2019  2  9  9  0  0  405.375000      83.000       7.300      66.000     45.000      7.500
2019  2  9 10  0  0  405.416667      95.000       6.900      75.000     44.000      6.700
2019  2  9 11  0  0  405.458333     110.000       6.800      86.000     47.000      6.700
2019  2  9 12  0  0  405.500000     101.000       6.300      80.000     38.000      6.100
2019  2  9 13  0  0  405.541667     125.000       5.800      98.000     31.000      5.600
2019  2  9 14  0  0  405.583333     149.000       5.900     118.000     27.000      6.700
2019  2  9 15  0  0  405.625000     142.000       5.600     112.000     17.000      6.100
2019  2  9 16  0  0  405.666667     144.000       6.100     113.000      9.000      6.100
2019  2  9 17  0  0  405.708333     135.000       5.900     106.000     28.000      6.700
2019  2  9 18  0  0  405.750000     225.000       6.700     177.000     42.000      6.700
2019  2  9 19  0  0  405.791667     273.000       7.000     215.000     47.000      7.500
2019  2  9 20  0  0  405.833333     320.000       7.700     252.000     58.000      8.500
2019  2  9 21  0  0  405.875000     337.000       7.800     265.000     59.000      8.500
2019  2  9 22  0  0  405.916667     314.000       7.900     247.000     56.000      8.500
2019  2  9 23  0  0  405.958333     265.000       7.400     208.000     38.000      8.500
2019  2 10  0  0  0  406.000000     276.000       7.500     217.000     50.000      8.500
2019  2 10  1  0  0  406.041667     243.000       7.400     192.000     62.000      8.500
2019  2 10  2  0  0  406.083333     196.000       7.100     155.000     69.000      8.500
2019  2 10  3  0  0  406.125000     226.000       7.400     178.000     46.000      7.500
2019  2 10  4  0  0  406.166667     211.000       7.400     166.000     30.000      7.500
2019  2 10  5  0  0  406.208333     182.000       7.200     144.000     41.000      7.500
2019  2 10  6  0  0  406.250000     174.000       7.200     137.000     50.000      7.500
2019  2 10  7  0  0  406.291667     167.000       7.100     131.000     53.000      7.500
2019  2 10  8  0  0  406.333333     176.000       7.000     139.000     62.000      7.500
2019  2 10  9  0  0  406.375000     166.000       6.600     131.000     64.000      6.700
2019  2 10 10  0  0  406.416667     167.000       6.800     131.000     47.000      7.500
2019  2 10 11  0  0  406.458333     188.000       6.800     148.000     55.000      7.500
2019  2 10 12  0  0  406.500000     144.000       6.500     113.000     61.000      6.700
2019  2 10 13  0  0  406.541667     158.000       6.600     125.000     52.000      6.700
2019  2 10 14  0  0  406.583333     152.000       6.500     120.000     55.000      6.700
2019  2 10 15  0  0  406.625000     132.000       6.200     104.000     60.000      6.100
2019  2 10 16  0  0  406.666667     138.000       6.400     109.000     68.000      7.500
2019  2 10 17  0  0  406.708333     144.000       6.600     113.000     41.000      7.500
2019  2 10 18  0  0  406.750000     138.000       6.800     109.000     40.000      7.500
2019  2 10 19  0  0  406.791667     147.000       6.900     116.000     41.000      7.500
2019  2 10 20  0  0  406.833333     139.000       6.800     109.000     55.000      6.700
2019  2 10 21  0  0  406.875000     119.000       6.800      94.000     44.000      7.500
2019  2 10 22  0  0  406.916667     116.000       6.500      91.000     54.000      6.700
2019  2 10 23  0  0  406.958333     116.000       6.600      91.000     27.000      6.700
2019  2 11  0  0  0  407.000000     132.000       6.600     104.000     39.000      6.700
2019  2 11  1  0  0  407.041667     127.000       6.600     100.000     41.000      7.500
2019  2 11  2  0  0  407.083333     130.000       6.300     102.000     39.000      6.700
2019  2 11  3  0  0  407.125000     141.000       6.100     111.000     32.000      6.700
2019  2 11  4  0  0  407.166667     124.000       5.900      98.000     57.000      6.700
2019  2 11  5  0  0  407.208333     114.000       5.800      90.000     57.000      7.500
2019  2 11  6  0  0  407.250000     124.000       5.800      97.000     35.000      6.700
2019  2 11  7  0  0  407.291667     119.000       5.400      93.000     37.000      6.100
2019  2 11  8  0  0  407.333333     108.000       5.600      85.000     43.000      6.100
2019  2 11  9  0  0  407.375000      99.000       5.600      78.000     38.000      5.600
2019  2 11 10  0  0  407.416667     103.000       5.500      81.000     38.000      6.700
2019  2 11 11  0  0  407.458333     108.000       5.200      85.000     37.000      5.100
2019  2 11 12  0  0  407.500000     111.000       5.300      88.000     47.000      5.600
2019  2 11 13  0  0  407.541667     104.000       5.200      82.000     51.000      5.600
2019  2 11 14  0  0  407.583333     122.000       4.800      96.000     52.000      6.100
2019  2 11 15  0  0  407.625000     156.000       5.000     123.000    350.000      4.400
2019  2 11 16  0  0  407.666667     135.000       5.000     106.000     39.000      4.100
2019  2 11 17  0  0  407.708333     123.000       5.500      97.000     47.000      6.100
2019  2 11 18  0  0  407.750000     113.000       5.700      89.000     57.000      6.700
2019  2 11 19  0  0  407.791667     110.000       5.900      87.000     36.000      6.100
2019  2 11 20  0  0  407.833333     130.000       6.300     103.000     71.000      7.500
2019  2 11 21  0  0  407.875000     140.000       6.400     110.000     70.000      7.500
2019  2 11 22  0  0  407.916667     118.000       5.900      93.000    357.000      6.100
2019  2 11 23  0  0  407.958333     134.000       6.300     106.000     66.000      6.700
2019  2 12  0  0  0  408.000000     126.000       5.900      99.000     52.000      6.100
2019  2 12  1  0  0  408.041667     128.000       6.500     101.000     72.000      7.500
2019  2 12  2  0  0  408.083333     109.000       6.400      86.000     60.000      7.500
2019  2 12  3  0  0  408.125000     105.000       6.100      82.000     46.000      6.700
2019  2 12  4  0  0  408.166667      97.000       6.200      76.000     38.000      6.100
2019  2 12  5  0  0  408.208333     117.000       6.000      92.000     61.000      6.700
2019  2 12  6  0  0  408.250000     117.000       6.400      92.000     42.000      6.700
2019  2 12  7  0  0  408.291667     120.000       5.800      94.000     32.000      6.700
2019  2 12  8  0  0  408.333333     119.000       5.900      94.000     48.000      6.700
2019  2 12  9  0  0  408.375000     125.000       6.000      98.000     34.000      6.700
2019  2 12 10  0  0  408.416667     104.000       6.000      82.000     14.000      6.100
2019  2 12 11  0  0  408.458333      99.000       5.900      78.000     52.000      6.700
2019  2 12 12  0  0  408.500000      99.000       5.800      78.000     91.000      7.500
2019  2 12 13  0  0  408.541667      99.000       5.800      78.000     64.000      6.700
2019  2 12 14  0  0  408.583333      92.000       6.300      72.000     42.000      6.100
2019  2 12 15  0  0  408.625000      94.000       5.900      74.000     51.000      6.100
2019  2 12 16  0  0  408.666667      96.000       5.800      76.000     33.000      6.100
2019  2 12 17  0  0  408.708333      87.000       6.100      68.000     92.000      6.700
2019  2 12 18  0  0  408.750000      94.000       5.900      74.000     70.000      6.700
2019  2 12 19  0  0  408.791667      88.000       6.100      69.000     54.000      6.700
2019  2 12 20  0  0  408.833333      91.000       5.900      71.000     54.000      6.100
2019  2 12 21  0  0  408.875000      77.000       6.000      60.000     83.000      6.700
2019  2 12 22  0  0  408.916667      74.000       6.000      58.000     36.000      5.600
2019  2 12 23  0  0  408.958333      69.000       6.000      55.000     64.000      6.100
2019  2 13  0  0  0  409.000000      69.000       5.700      54.000     73.000      6.100
2019  2 13  1  0  0  409.041667      67.000       5.500      53.000     45.000      6.100
2019  2 13  2  0  0  409.083333      83.000       5.500      65.000     16.000      5.600
2019  2 13  3  0  0  409.125000      85.000       5.200      67.000     25.000      5.100
2019  2 13  4  0  0  409.166667      71.000       5.600      56.000     24.000      5.600
2019  2 13  5  0  0  409.208333      75.000       6.000      59.000     35.000      7.500
2019  2 13  6  0  0  409.250000      99.000       6.200      78.000     17.000      7.500
2019  2 13  7  0  0  409.291667     109.000       6.500      86.000     40.000      7.500
2019  2 13  8  0  0  409.333333     135.000       6.900     106.000     39.000      7.500
2019  2 13  9  0  0  409.375000     152.000       6.600     120.000     36.000      7.500
2019  2 13 10  0  0  409.416667     146.000       6.300     115.000     32.000      6.100
2019  2 13 11  0  0  409.458333     139.000       5.800     110.000     37.000      6.700
2019  2 13 12  0  0  409.500000     157.000       5.600     124.000     29.000      6.100
2019  2 13 13  0  0  409.541667     152.000       5.100     120.000     37.000      4.100
2019  2 13 14  0  0  409.583333     165.000       4.900     130.000      2.000      4.400
2019  2 13 15  0  0  409.625000     170.000       5.000     134.000      8.000      4.400
2019  2 13 16  0  0  409.666667     177.000       4.900     140.000     15.000      4.700
2019  2 13 17  0  0  409.708333     169.000       5.300     133.000    357.000      5.100
2019  2 13 18  0  0  409.750000     151.000       5.200     119.000     13.000      5.100
2019  2 13 19  0  0  409.791667     155.000       5.300     122.000      9.000      6.100
2019  2 13 20  0  0  409.833333     158.000       5.800     124.000     42.000      6.700
2019  2 13 21  0  0  409.875000     173.000       6.100     136.000     43.000      6.100
2019  2 13 22  0  0  409.916667     200.000       6.300     157.000     37.000      6.700
2019  2 13 23  0  0  409.958333     204.000       6.400     161.000     51.000      6.700
2019  2 14  0  0  0  410.000000     219.000       6.500     172.000     37.000      7.500
2019  2 14  1  0  0  410.041667     206.000       6.800     163.000     47.000      7.500
2019  2 14  2  0  0  410.083333     191.000       6.700     150.000     29.000      7.500
2019  2 14  3  0  0  410.125000     198.000       6.600     156.000     39.000      7.500
2019  2 14  4  0  0  410.166667     183.000       6.800     144.000     44.000      7.500
2019  2 14  5  0  0  410.208333     175.000       6.500     138.000     47.000      6.700
2019  2 14  6  0  0  410.250000     144.000       6.200     114.000     40.000      7.500
2019  2 14  7  0  0  410.291667     146.000       6.300     115.000     34.000      6.700
2019  2 14  8  0  0  410.333333     156.000       6.200     123.000     62.000      6.700
2019  2 14  9  0  0  410.375000     137.000       6.000     108.000     36.000      6.700
2019  2 14 10  0  0  410.416667     153.000       6.100     121.000     52.000      6.700
2019  2 14 11  0  0  410.458333     143.000       6.000     113.000     41.000      6.700
2019  2 14 12  0  0  410.500000     137.000       5.800     108.000     62.000      6.700
2019  2 14 13  0  0  410.541667     152.000       5.700     120.000     58.000      6.100
2019  2 14 14  0  0  410.583333     139.000       6.200     110.000     58.000      6.700
2019  2 14 15  0  0  410.625000     130.000       5.800     103.000     57.000      6.100
2019  2 14 16  0  0  410.666667     130.000       6.000     103.000     56.000      6.100
2019  2 14 17  0  0  410.708333     146.000       6.100     115.000     21.000      6.700
2019  2 14 18  0  0  410.750000     127.000       6.200     100.000     54.000      6.700
2019  2 14 19  0  0  410.791667     127.000       6.300     100.000     38.000      6.700
2019  2 14 20  0  0  410.833333     125.000       6.600      98.000     37.000      7.500
2019  2 14 21  0  0  410.875000     137.000       6.600     108.000     43.000      7.500
2019  2 14 22  0  0  410.916667     125.000       6.500      99.000     30.000      6.700
2019  2 14 23  0  0  410.958333     115.000       6.600      91.000     48.000      6.700
2019  2 15  0  0  0  411.000000     108.000       6.500      85.000     69.000      7.500
2019  2 15  1  0  0  411.041667      99.000       6.000      78.000     43.000      6.700
2019  2 15  2  0  0  411.083333      90.000       6.000      71.000     54.000      6.700
2019  2 15  3  0  0  411.125000      94.000       6.100      74.000     66.000      6.700
2019  2 15  4  0  0  411.166667      93.000       5.700      73.000     55.000      6.700
2019  2 15  5  0  0  411.208333      99.000       5.900      78.000     55.000      6.700
2019  2 15  6  0  0  411.250000      88.000       6.200      69.000     54.000      6.700
2019  2 15  7  0  0  411.291667      89.000       5.700      70.000     54.000      6.700
2019  2 15  8  0  0  411.333333      81.000       5.700      64.000     54.000      6.100
2019  2 15  9  0  0  411.375000      91.000       5.500      72.000     37.000      6.100
2019  2 15 10  0  0  411.416667      75.000       5.400      59.000     65.000      6.100
2019  2 15 11  0  0  411.458333      68.000       5.700      54.000     45.000      6.100
2019  2 15 12  0  0  411.500000      61.000       5.800      48.000     54.000      6.100
2019  2 15 13  0  0  411.541667      53.000       5.800      42.000     62.000      5.100
2019  2 15 14  0  0  411.583333      51.000       6.100      40.000     59.000      6.100
2019  2 15 15  0  0  411.625000      47.000       5.700      37.000     58.000      6.700
2019  2 15 16  0  0  411.666667      46.000       6.000      36.000     28.000      6.100
2019  2 15 17  0  0  411.708333      48.000       5.600      38.000     50.000      6.100
2019  2 15 18  0  0  411.750000      40.000       6.000      32.000     77.000      5.100
2019  2 15 19  0  0  411.791667      49.000       5.300      39.000     22.000      5.100
2019  2 15 20  0  0  411.833333      54.000       5.500      42.000    343.000      4.400
2019  2 15 21  0  0  411.875000      65.000       4.800      52.000     12.000      4.700
2019  2 15 22  0  0  411.916667      51.000       5.000      40.000     29.000      3.900
2019  2 15 23  0  0  411.958333      46.000       5.300      36.000     14.000      4.400
2019  2 16  0  0  0  412.000000      50.000       5.100      39.000     43.000      3.700
2019  2 16  1  0  0  412.041667      44.000       5.800      34.000     58.000      5.100
2019  2 16  2  0  0  412.083333      71.000       5.100      56.000     21.000      4.400
2019  2 16  3  0  0  412.125000      76.000       5.300      60.000    357.000      5.600
2019  2 16  4  0  0  412.166667      91.000       5.300      72.000     19.000      5.100
2019  2 16  5  0  0  412.208333      99.000       5.300      78.000    331.000      4.700
2019  2 16  6  0  0  412.250000     112.000       5.300      88.000        NaN      6.100
2019  2 16  7  0  0  412.291667     108.000       5.400      85.000      2.000      5.600
2019  2 16  8  0  0  412.333333     102.000       5.400      80.000    347.000      5.100
2019  2 16  9  0  0  412.375000      97.000       5.400      76.000    353.000      4.700
2019  2 16 10  0  0  412.416667      95.000       5.300      75.000    349.000      5.100
2019  2 16 11  0  0  412.458333      93.000       5.000      73.000    349.000      5.100
2019  2 16 12  0  0  412.500000     104.000       5.100      82.000    351.000      4.700
2019  2 16 13  0  0  412.541667     108.000       5.200      85.000    358.000      5.100
2019  2 16 14  0  0  412.583333     118.000       5.200      93.000    336.000      5.600
2019  2 16 15  0  0  412.625000     144.000       5.700     114.000      3.000      6.700
2019  2 16 16  0  0  412.666667     192.000       6.400     151.000     38.000      6.700
2019  2 16 17  0  0  412.708333     228.000       6.700     180.000     50.000      7.500
2019  2 16 18  0  0  412.750000     199.000       6.600     156.000     41.000      8.500
2019  2 16 19  0  0  412.791667     194.000       6.800     152.000     27.000      8.500
2019  2 16 20  0  0  412.833333     199.000       7.100     156.000     36.000      8.500
2019  2 16 21  0  0  412.875000     178.000       7.300     140.000     19.000      7.500
2019  2 16 22  0  0  412.916667     206.000       7.400     162.000     27.000      7.500
2019  2 16 23  0  0  412.958333     187.000       7.200     147.000     27.000      7.500
2019  2 17  0  0  0  413.000000     201.000       7.300     158.000     46.000      8.500
2019  2 17  1  0  0  413.041667     165.000       7.300     130.000     44.000      7.500
2019  2 17  2  0  0  413.083333     175.000       7.100     138.000     41.000      7.500
2019  2 17  3  0  0  413.125000     177.000       7.500     139.000     48.000      7.500
2019  2 17  4  0  0  413.166667     157.000       7.200     124.000     44.000      7.500
2019  2 17  5  0  0  413.208333     125.000       6.700      98.000     54.000      7.500
2019  2 17  6  0  0  413.250000     130.000       7.000     102.000     37.000      7.500
2019  2 17  7  0  0  413.291667     108.000       6.800      85.000     38.000      7.500
2019  2 17  8  0  0  413.333333     115.000       6.600      91.000     42.000      7.500
2019  2 17  9  0  0  413.375000     118.000       6.700      93.000     32.000      7.500
2019  2 17 10  0  0  413.416667      99.000       6.400      78.000     48.000      7.500
2019  2 17 11  0  0  413.458333      82.000       6.000      65.000     55.000      7.500
2019  2 17 12  0  0  413.500000      86.000       6.000      68.000     31.000      6.100
2019  2 17 13  0  0  413.541667      70.000       6.100      55.000     28.000      6.100
2019  2 17 14  0  0  413.583333      71.000       6.200      56.000     67.000      6.700
2019  2 17 15  0  0  413.625000      78.000       6.200      61.000     45.000      6.100
2019  2 17 16  0  0  413.666667      68.000       5.800      54.000     56.000      6.700
2019  2 17 17  0  0  413.708333      63.000       6.400      50.000     29.000      6.100
2019  2 17 18  0  0  413.750000      66.000       6.300      52.000     46.000      6.100
2019  2 17 19  0  0  413.791667      59.000       6.500      47.000     33.000      6.100
2019  2 17 20  0  0  413.833333      51.000       6.300      40.000     24.000      6.100
2019  2 17 21  0  0  413.875000      50.000       6.600      40.000     49.000      6.100
2019  2 17 22  0  0  413.916667      52.000       6.700      41.000     51.000      5.600
2019  2 17 23  0  0  413.958333      53.000       7.100      42.000     68.000      7.500
2019  2 18  0  0  0  414.000000      60.000       6.900      48.000     51.000      6.700
2019  2 18  1  0  0  414.041667      67.000       7.400      53.000     53.000      6.700
2019  2 18  2  0  0  414.083333      77.000       7.400      60.000     29.000      7.500
2019  2 18  3  0  0  414.125000      82.000       7.500      65.000     37.000      7.500
2019  2 18  4  0  0  414.166667      71.000       7.200      56.000     44.000      7.500
2019  2 18  5  0  0  414.208333      77.000       7.200      61.000     36.000      7.500
2019  2 18  6  0  0  414.250000      68.000       7.100      54.000     40.000      7.500
2019  2 18  7  0  0  414.291667      60.000       6.700      47.000     57.000      7.500
2019  2 18  8  0  0  414.333333      83.000       6.100      66.000     23.000      6.700
2019  2 18  9  0  0  414.375000      69.000       6.200      54.000     34.000      6.700
2019  2 18 10  0  0  414.416667      60.000       6.200      47.000     29.000      6.100
2019  2 18 11  0  0  414.458333      63.000       5.500      49.000     18.000      6.100
2019  2 18 12  0  0  414.500000      59.000       6.000      46.000    359.000      5.600
2019  2 18 13  0  0  414.541667      62.000       5.600      48.000     24.000      6.700
2019  2 18 14  0  0  414.583333      61.000       5.800      48.000     31.000      6.100
2019  2 18 15  0  0  414.625000      60.000       5.400      47.000    348.000      6.100
2019  2 18 16  0  0  414.666667      59.000       5.900      47.000      4.000      6.100
2019  2 18 17  0  0  414.708333      50.000       5.900      40.000     13.000      5.100
2019  2 18 18  0  0  414.750000      47.000       5.500      37.000     24.000      4.100
2019  2 18 19  0  0  414.791667      40.000       5.500      31.000    352.000      4.100
2019  2 18 20  0  0  414.833333      40.000       5.600      32.000     25.000      4.100
2019  2 18 21  0  0  414.875000      34.000       5.500      27.000      3.000      4.100
2019  2 18 22  0  0  414.916667      32.000       6.400      25.000    113.000      9.800
2019  2 18 23  0  0  414.958333      35.000       5.400      28.000     79.000      3.900
2019  2 19  0  0  0  415.000000      29.000       7.000      23.000        NaN      9.800
2019  2 19  1  0  0  415.041667      36.000       5.200      29.000     70.000      3.900
2019  2 19  2  0  0  415.083333      30.000       6.400      24.000     91.000      3.900
2019  2 19  3  0  0  415.125000      28.000       5.900      22.000     55.000      3.900
2019  2 19  4  0  0  415.166667      30.000       7.700      23.000     24.000      9.800
2019  2 19  5  0  0  415.208333      20.000       8.500      15.000     35.000      6.700
2019  2 19  6  0  0  415.250000      28.000       8.200      22.000     71.000      6.700
2019  2 19  7  0  0  415.291667      37.000       6.200      29.000     21.000      6.700
2019  2 19  8  0  0  415.333333      46.000       6.200      36.000     26.000      6.100
2019  2 19  9  0  0  415.375000      43.000       5.800      34.000     41.000      6.100
2019  2 19 10  0  0  415.416667      47.000       5.600      37.000     52.000      5.600
2019  2 19 11  0  0  415.458333      38.000       5.800      30.000     37.000      6.100
2019  2 19 12  0  0  415.500000      40.000       6.100      31.000     28.000      5.600
2019  2 19 13  0  0  415.541667      39.000       5.600      30.000      6.000      5.600
2019  2 19 14  0  0  415.583333      39.000       6.100      30.000     10.000      5.100
2019  2 19 15  0  0  415.625000      39.000       6.000      30.000     49.000      5.100
2019  2 19 16  0  0  415.666667      36.000       6.000      29.000     97.000      5.100
2019  2 19 17  0  0  415.708333      43.000       4.600      34.000     14.000      3.700
2019  2 19 18  0  0  415.750000      52.000       4.800      41.000     47.000      3.900
2019  2 19 19  0  0  415.791667      58.000       4.500      46.000     33.000      3.900
2019  2 19 20  0  0  415.833333      67.000       4.500      53.000     50.000      4.100
2019  2 19 21  0  0  415.875000      72.000       4.600      57.000      3.000      4.100
2019  2 19 22  0  0  415.916667      87.000       4.700      69.000    332.000      4.400
2019  2 19 23  0  0  415.958333      74.000       4.600      59.000    352.000      4.400
2019  2 20  0  0  0  416.000000      81.000       4.900      64.000        NaN      4.700
2019  2 20  1  0  0  416.041667      75.000       4.900      59.000     17.000      4.700
2019  2 20  2  0  0  416.083333      73.000       4.800      57.000    349.000      4.400
2019  2 20  3  0  0  416.125000      63.000       5.100      50.000     13.000      4.700
2019  2 20  4  0  0  416.166667      58.000       5.000      46.000     21.000      4.400
2019  2 20  5  0  0  416.208333      49.000       5.100      38.000     41.000      4.400
2019  2 20  6  0  0  416.250000      50.000       4.900      39.000    351.000      4.400
2019  2 20  7  0  0  416.291667      59.000       4.900      47.000    357.000      4.700
2019  2 20  8  0  0  416.333333      69.000       5.100      54.000    343.000      4.700
2019  2 20  9  0  0  416.375000      73.000       5.400      58.000    335.000      5.100
2019  2 20 10  0  0  416.416667      63.000       4.900      50.000        NaN      5.100
2019  2 20 11  0  0  416.458333      73.000       4.900      58.000    342.000      5.100
2019  2 20 12  0  0  416.500000      72.000       5.000      56.000    328.000      4.700
2019  2 20 13  0  0  416.541667     101.000       4.800      80.000    347.000      5.100
2019  2 20 14  0  0  416.583333     109.000       4.800      86.000    343.000      4.700
2019  2 20 15  0  0  416.625000     117.000       5.100      92.000    356.000      5.100
2019  2 20 16  0  0  416.666667      95.000       5.000      75.000    338.000      5.100
2019  2 20 17  0  0  416.708333     104.000       5.200      82.000    343.000      5.100
2019  2 20 18  0  0  416.750000     117.000       5.600      92.000    329.000      5.100
2019  2 20 19  0  0  416.791667     109.000       5.600      86.000    333.000      5.100
2019  2 20 20  0  0  416.833333     109.000       5.600      85.000    350.000      4.700
2019  2 20 21  0  0  416.875000     102.000       5.400      81.000    356.000      5.600
2019  2 20 22  0  0  416.916667      99.000       5.700      78.000    354.000      6.100
2019  2 20 23  0  0  416.958333      92.000       5.300      72.000    350.000      5.600
2019  2 21  0  0  0  417.000000      74.000       5.300      58.000    341.000      5.600
2019  2 21  1  0  0  417.041667      77.000       5.200      61.000    347.000      5.600
2019  2 21  2  0  0  417.083333      70.000       5.100      55.000    335.000      5.100
2019  2 21  3  0  0  417.125000      56.000       5.400      44.000    345.000      5.100
2019  2 21  4  0  0  417.166667      61.000       5.300      48.000    359.000      5.100
2019  2 21  5  0  0  417.208333      59.000       5.400      46.000     12.000      5.100
2019  2 21  6  0  0  417.250000      60.000       5.600      47.000    350.000      4.700
2019  2 21  7  0  0  417.291667      75.000       5.900      59.000     55.000      6.700
2019  2 21  8  0  0  417.333333      79.000       6.100      62.000     37.000      6.700
2019  2 21  9  0  0  417.375000     104.000       6.200      82.000     35.000      6.100
2019  2 21 10  0  0  417.416667      94.000       5.900      74.000     60.000      6.700
2019  2 21 11  0  0  417.458333      96.000       6.100      76.000     39.000      6.700
2019  2 21 12  0  0  417.500000      84.000       5.700      66.000     41.000      6.100
2019  2 21 13  0  0  417.541667      82.000       5.800      65.000     37.000      6.700
2019  2 21 14  0  0  417.583333      87.000       5.800      69.000     57.000      6.700
2019  2 21 15  0  0  417.625000      89.000       6.200      70.000     45.000      6.100
2019  2 21 16  0  0  417.666667      79.000       6.100      62.000     38.000      6.100
2019  2 21 17  0  0  417.708333      83.000       5.600      65.000     29.000      6.100
2019  2 21 18  0  0  417.750000      73.000       6.400      58.000     55.000      6.700
2019  2 21 19  0  0  417.791667      76.000       6.500      60.000     49.000      6.100
2019  2 21 20  0  0  417.833333      83.000       6.900      66.000     75.000      7.500
2019  2 21 21  0  0  417.875000      83.000       6.600      66.000     51.000      7.500
2019  2 21 22  0  0  417.916667      93.000       7.200      73.000     62.000      8.500
2019  2 21 23  0  0  417.958333      88.000       6.900      69.000     49.000      8.500
2019  2 22  0  0  0  418.000000      91.000       7.300      71.000     53.000      7.500
2019  2 22  1  0  0  418.041667      82.000       6.600      65.000     54.000      7.500
2019  2 22  2  0  0  418.083333      84.000       6.600      66.000     64.000      7.500
2019  2 22  3  0  0  418.125000      82.000       6.800      65.000     48.000      7.500
2019  2 22  4  0  0  418.166667      78.000       6.300      61.000     52.000      7.500
2019  2 22  5  0  0  418.208333      73.000       7.100      57.000     50.000      7.500
2019  2 22  6  0  0  418.250000      67.000       6.100      53.000     52.000      6.100
2019  2 22  7  0  0  418.291667      66.000       6.300      52.000     53.000      6.700
2019  2 22  8  0  0  418.333333      68.000       6.200      54.000     62.000      6.700
2019  2 22  9  0  0  418.375000      61.000       6.200      48.000     62.000      6.700
2019  2 22 10  0  0  418.416667      61.000       6.400      48.000     46.000      6.100
2019  2 22 11  0  0  418.458333      62.000       6.000      49.000     51.000      5.600
2019  2 22 12  0  0  418.500000      65.000       6.100      51.000     49.000      6.100
